# oST version 5.0 parameters


[image]

width
1280

height
720

[narrow_stereo]

camera matrix
934.086025 0.000000 653.385820
0.000000 937.318033 350.887965
0.000000 0.000000 1.000000

distortion
0.126789 -0.237458 0.003869 0.008906 0.000000

rectification
1.000000 0.000000 0.000000
0.000000 1.000000 0.000000
0.000000 0.000000 1.000000

projection
938.587219 0.000000 666.821522 0.000000
0.000000 957.824890 352.545928 0.000000
0.000000 0.000000 1.000000 0.000000
