image_width: 1280
image_height: 720
camera_name: narrow_stereo
camera_matrix:
  rows: 3
  cols: 3
  data: [905.81311,   0.     , 640.70277,
           0.     , 906.23302, 339.38006,
           0.     ,   0.     ,   1.     ]
distortion_model: plumb_bob
distortion_coefficients:
  rows: 1
  cols: 5
  data: [0.110211, -0.255715, 0.002512, -0.003109, 0.000000]
rectification_matrix:
  rows: 3
  cols: 3
  data: [1., 0., 0.,
         0., 1., 0.,
         0., 0., 1.]
projection_matrix:
  rows: 3
  cols: 4
  data: [895.75812,   0.     , 635.2374 ,   0.     ,
           0.     , 917.04645, 340.05218,   0.     ,
           0.     ,   0.     ,   1.     ,   0.     ]
