# oST version 5.0 parameters


[image]

width
1280

height
720

[narrow_stereo]

camera matrix
905.813114 0.000000 640.702767
0.000000 906.233017 339.380062
0.000000 0.000000 1.000000

distortion
0.110211 -0.255715 0.002512 -0.003109 0.000000

rectification
1.000000 0.000000 0.000000
0.000000 1.000000 0.000000
0.000000 0.000000 1.000000

projection
895.758118 0.000000 635.237402 0.000000
0.000000 917.046448 340.052182 0.000000
0.000000 0.000000 1.000000 0.000000
