# oST version 5.0 parameters


[image]

width
1280

height
720

[narrow_stereo]

camera matrix
925.920627 0.000000 650.510114
0.000000 929.268181 376.404509
0.000000 0.000000 1.000000

distortion
0.115683 -0.240279 0.013658 -0.010940 0.000000

rectification
1.000000 0.000000 0.000000
0.000000 1.000000 0.000000
0.000000 0.000000 1.000000

projection
926.860291 0.000000 634.902395 0.000000
0.000000 947.451538 383.635227 0.000000
0.000000 0.000000 1.000000 0.000000
