# oST version 5.0 parameters


[image]

width
1280

height
720

[narrow_stereo]

camera matrix
919.346191 0.000000 656.421343
0.000000 923.597326 350.724024
0.000000 0.000000 1.000000

distortion
0.116543 -0.223296 0.004791 0.000881 0.000000

rectification
1.000000 0.000000 0.000000
0.000000 1.000000 0.000000
0.000000 0.000000 1.000000

projection
922.357666 0.000000 658.900204 0.000000
0.000000 937.033875 352.659527 0.000000
0.000000 0.000000 1.000000 0.000000
