image_width: 1280
image_height: 720
camera_name: narrow_stereo
camera_matrix:
  rows: 3
  cols: 3
  data: [919.34619,   0.     , 656.42134,
           0.     , 923.59733, 350.72402,
           0.     ,   0.     ,   1.     ]
distortion_model: plumb_bob
distortion_coefficients:
  rows: 1
  cols: 5
  data: [0.116543, -0.223296, 0.004791, 0.000881, 0.000000]
rectification_matrix:
  rows: 3
  cols: 3
  data: [1., 0., 0.,
         0., 1., 0.,
         0., 0., 1.]
projection_matrix:
  rows: 3
  cols: 4
  data: [922.35767,   0.     , 658.9002 ,   0.     ,
           0.     , 937.03387, 352.65953,   0.     ,
           0.     ,   0.     ,   1.     ,   0.     ]
